Coefficients: [9351.43428896]
Intercept: 26180.825714891216
